-100.63343211622106
-130.1517418118473
-98.64275616411958
-133.65930636258457
-14.251047104476555
-106.5255847131138
-97.73315314498267
-137.59766891067937
-252.48044759271633
-165.74644248601425
-108.68357552135431
-79.47317983636825
-340.8798642317129
-136.44159492022828
-144.05537384631788
-130.56438796924644
-122.73092442896424
-127.32354565763339
-21.407957242814447
-118.59021838922668
-137.8724773087786
-153.87489058897017
-102.43887310532898
-171.69336008455713
-90.36494844511682
41.82341662656526
-107.76789500305468
-121.182084247278
-100.89613932943536
-85.43125463525288
-73.38507736676279
-154.05497464292807
-37.01261595163671
-135.95049510864288
-95.49987316180888
-112.00669514687978
-93.31463725314916
-65.36533600659376
-171.73643038337215
-77.39796245045137
-72.17214147422928
-89.8464118364445
-153.44838486776507
-156.37560150761044
-84.38484661803537
-161.2082354100283
-156.99115718633618
-78.45328223546448
-77.72224542573356
-127.0097751995443
-58.53058751490054
-47.192072525686754
-90.24921921537646
-112.34680447152734
-69.37046270513275
-133.215546303674
-73.65931412296281
-35.27466528651121
-56.2734713504261
-75.90904865060041
-96.23056770857593
-82.89144589848695
-48.886607547943306
-179.49734061463982
-87.03157517811785
-143.5008676078901
-2.589262435594165
-103.84231960654505
-18.564472595807544
-76.3829842517512
-88.32079193344613
-57.08800866590015
-38.030924056446665
-42.1376414502854
-73.72850376320451
-102.86674916844964
-90.1875853219082
-47.346813319903724
-85.53580761030022
-26.493029779433286
-108.08230981849623
-106.90780582928227
-138.05683318760353
-41.59275857120917
-200.2876835980974
-269.28910673883945
-49.71353502352696
-24.992253941988736
-102.57038667742123
-104.58444205462115
-82.22458418334465
-97.5278021241931
-53.521812373333375
-107.35967705969033
-70.48090380037776
-37.58306701747625
-63.46378263067963
-58.023466175095315
-69.63503770340483
-57.69279682612688
-102.75690457285405
-50.1623619882678
-112.29673263407362
-83.32246913962359
-67.79826656820343
-63.398639664295665
-71.57226146855521
-64.19800003504633
-61.057044407535614
-38.47028575078042
-57.59440544904688
-4.9720736723303105
-105.29114086133876
-63.0916681020191
-17.13743402037734
-51.35343582203849
-82.65924256382597
-68.81200263160375
-11.886284020407828
-52.68982895099681
-55.31862560230083
-31.812902419555
-97.56759761423231
-71.84092884721869
-63.48004024152573
-27.75354642158524
-20.369502408179926
-36.34339297277697
-53.186248433703014
-21.373070852465915
-84.7348280961344
-53.24273393950216
-75.36805213346187
-110.9065525022606
-88.08351998534602
-58.364781665882894
-63.65009747160384
41.45925906788693
-80.09293430861909
-16.226765860042704
-44.24968269075987
-57.46604343816937
-118.1468425515264
-6.344813547702742
-13.045702836724047
-11.047479675078762
-55.512719294910795
-89.92121375130752
-195.60935455715887
-102.0173281284024
-64.78365674142486
-68.21733943297093
-72.43269218075272
16.098322681490032
-42.69182103035111
31.425129045345273
-25.3635008451931
-81.01846543097656
16.205116030427376
11.38510754821651
17.199407456687368
-54.87894232948139
-54.851346607568445
-27.420013400586072
29.12728938500132
-25.351999844528308
59.365592830809646
32.97110111128403
-72.17762921275033
-180.7184929287119
-118.35991260230435
7.258209723358831
-7.949893392606256
-1.636214323795798
146.6415028005539
-144.9342569294025
-47.43620317581485
21.620096246293798
-3.119716398893175
-68.98650589147985
-80.96396711275966
-24.746199478549812
-10.907546864844008
-50.60422016675729
-20.692754191249108
-67.36795834231317
103.86323697291546
27.323300453898057
-4.865502080117295
20.838806877791114
-33.04807242426689
-0.43811408883156844
-20.653929034287074
-4.835020321401657
-18.2139119219173
-37.38241069848002
34.73316861121516
7.7181445435243745
-80.79492578817582
28.007961098762593
-27.756784871365227
27.10363219831308
-71.83996973442211
26.27497373406065
26.697707983093295
-43.02815595999016
-4.046213211439117
-105.69625937263224
-167.37435706057533
-0.5846493812893243
-45.98557328615273
-12.086795499072437
-160.78960402414032
87.07951232817733
-57.09968143142823
-21.26162727789719
-128.24520808749978
-27.930112981460354
-49.66108289395908
78.67572688338069
-25.570825825668678
-122.82972218998759
-223.51117374542895
17.65569628191419
-15.819597385108267
-81.86383537984673
76.23697486293716
17.08659181605333
3.939538191640864
-15.96219307252916
-109.49745959585496
45.02069886958142
24.024795054740267
11.24629278373615
-15.622971740071634
75.96348780569723
-65.12584586860679
45.13547973350334
19.56215733022944
22.637101199897486
73.89532725471038
46.449380875497994
-34.40288661523108
57.38777080907607
28.222850115423302
-200.76210078408295
11.863057008007942
1.339348287419071
44.569121648699365
0.7633916248172259
-13.089330573957673
-37.98652003414569
-29.26817608851766
3.5861189957469124
-47.29399524120182
1.6569402037482632
-26.0507580430923
25.968297869453902
13.968877495000443
-3.6786197341654714
102.63708709872687
-12.200844055947567
83.04322127301532
50.00056682774162
-72.21026534960524
11.279185427182473
-7.289527842529878
-6.797099741864706
-9.422847615054597
127.00655401056457
-13.80934561462955
41.225433839314874
72.76921830338756
73.62061821098665
-87.93096844495048
19.55645033808007
121.29907803313343
64.24670011883399
82.57087532624408
47.355596706985075
102.63234855702746
219.8525077637072
71.07801364266113
-237.3267238975462
116.99346393801956
67.63677648797994
103.90378675683927
110.49876077470267
84.45618875895119
112.45406653293001
58.91876589238343
98.00263435566688
-209.3720919044124
117.54562839476344
117.31265800074871
81.89716071888913
236.64102195152915
204.2246613822239
73.76060975085238
-161.8145996012059
97.98377174935602
-16.839158331042334
147.14985951275943
240.7695080474282
109.02498688425241
120.93215436502093
237.27118793453982
122.81290635709134
198.88417194483495
115.39952492155373
215.82984459000483
37.03672222196502
2.549246074547952
-150.81765973561687
271.9242702700227
230.11889766427208
241.59452081496767
133.63336520454854
22.122892089451472
267.871606120471
244.9178421988088
184.48590731748715
254.72879345250323
259.58051822695353
220.20688509271477
142.56811508771662
16.247406658420047
1.454684895387146
186.5011756288224
234.80629387010168
229.06781537911095
244.82692927123185
279.1360255358664
216.94797017641977
146.3278024139258
239.99408349308658
232.10731342049743
130.26986246374523
235.72917028597809
-0.486429511317354
252.3579382082169
267.17142968393546
129.10626587101757
129.98955972787354
246.35181163580836
212.81688268391517
156.69414675715052
238.12371931141007
243.03155522389432
262.29535723514147
240.51721655153136
227.11291669045897
208.76884015788596
161.55432894483639
134.67225307033877
153.74110656900518
125.48461308914993
287.20255045661736
210.93010537733585
223.6836047762268
223.2451800670584
193.38711136201044
175.3881075737325
110.85643910890172
210.5586422283542
244.73676319196943
156.39612770073495
289.3443673916181
210.73333445323178
203.27076526757992
185.77569297881672
171.8811559202087
-164.02901564550862
270.95684419051327
216.6942638588483
286.42236811675895
-27.3888940824652
170.6810458180732
145.6776677967345
72.28770079877309
150.37490939844406
137.06333629007767
215.57080141447057
191.17331632322822
40.09246445479967
-26.7583303300158
244.52973310363086
53.5715479407214
197.68788767180212
223.90485867152063
295.62843330145085
227.38173722930065
189.99556870177486
13.840760094362238
150.8317414952073
-9.585318482090434
217.2598620212197
200.21562625453743
267.29645390614957
261.2003145885759
214.63032419756348
203.32933140002302
164.6216412025684
259.99248362954984
80.5251722847222
210.81337360887238
-19.215993675806118
222.16553884835207
253.4060848884768
213.33053925324157
237.44251525283215
303.675414095492
244.2893954186959
241.2277402709579
156.60260377507905
237.4244898016628
279.6173509891853
206.80727740643346
211.9482771052427
262.40446522870104
217.28605875047757
265.64857737028325
141.3918294583287
166.0543432380142
272.27744264566377
272.4341622575998
273.8643330134262
40.072333159201264
180.8900242839566
263.10744646704006
212.1900234637168
252.48808792824383
110.10246702163283
173.29244004291667
225.91827348369623
178.37132224825717
234.9199221960255
263.05686248474586
132.8631650058857
200.27500922613626
282.0601648325844
243.55774516993864
201.4225478731847
285.75512227059494
206.44940914892146
294.7205355965676
207.3057222750781
205.47080020186002
234.88103808199986
257.52727104192456
272.67091866919816
236.63847804894084
279.81803052518836
299.9753929553989
279.1108145723375
210.74906681402166
279.5935788788968
157.95458739635433
178.0010888992507
265.11310316937755
219.0736820550326
264.4305938497672
274.59162739660303
75.55438471295444
252.65915144352073
272.19472750742534
185.04082861100602
197.04899659328646
236.52683877353502
214.86299691361822
278.451795902178
230.77927026468836